# ─────────────────────────────────────────────────────────────────
#  DATASET DE EVALUACIÓN MÁSIVA · MINI CLOUD LOG ANALYZER
# ─────────────────────────────────────────────────────────────────
#  Este archivo contiene 1000 registros de códigos de estado HTTP
#  generados mediante Mockaroo para la validación de la VARIANTE C.
#
#  PROPÓSITO: Servir como entrada estándar (stdin) para el programa
#  en ensamblador ARM64, verificando la robustez del parser y la
#  efectividad de la salida temprana (Early Exit) ante un error 503.
#
#  Asignatura: Lenguajes de Interfaz
#  Autor(a): Torres Moreno Diego Antonio
#  Fecha: 2026/04/22
# ─────────────────────────────────────────────────────────────────

200
302
429
401
500
201
503
304
400
304
401
204
502
304
301
400
503
503
201
304
500
201
204
403
201
403
302
302
404
302
201
500
204
503
502
503
504
302
504
429
201
400
429
504
401
204
200
200
204
429
204
429
304
502
201
504
201
401
429
301
503
200
200
504
201
429
400
500
304
400
503
400
404
403
404
429
500
403
201
304
502
504
200
204
401
301
201
400
201
500
400
403
304
302
502
500
403
502
429
404
201
204
401
200
302
503
204
302
304
401
204
204
304
404
504
400
504
204
403
302
301
302
201
201
403
504
500
429
404
200
302
503
302
301
502
502
400
429
503
301
500
204
500
404
504
401
301
503
502
404
301
304
403
404
304
404
502
503
201
401
200
304
404
201
504
201
200
500
301
404
404
500
403
503
204
400
502
302
200
204
301
201
503
404
503
403
429
503
301
302
301
200
429
500
304
500
200
500
403
429
400
400
200
404
301
404
429
200
301
301
429
500
302
504
500
302
504
200
503
500
302
400
500
304
403
500
502
204
500
204
404
400
403
403
401
403
500
400
429
502
302
304
401
302
500
503
302
301
304
301
301
302
503
304
301
401
504
502
200
302
500
503
503
400
204
301
503
401
400
304
200
500
201
302
502
304
400
429
504
429
404
400
304
403
304
429
504
304
400
429
400
500
201
302
429
429
502
401
404
502
429
502
204
204
200
504
304
301
400
200
302
504
504
403
403
500
500
404
401
201
201
502
500
301
302
200
200
500
201
401
500
401
302
502
503
504
504
304
301
500
401
404
204
403
301
404
200
204
403
304
204
304
200
401
301
503
201
404
500
301
201
302
503
400
504
201
429
200
304
403
302
304
201
400
404
503
301
429
504
400
301
200
302
502
201
403
301
503
502
429
302
204
403
200
204
403
503
502
502
401
302
401
500
502
401
204
429
404
400
304
304
500
204
201
304
400
400
500
201
503
502
204
304
304
201
400
500
404
403
302
403
301
502
304
429
429
301
429
304
404
301
504
301
404
403
500
302
204
304
301
304
404
401
400
302
401
504
301
404
302
301
201
503
502
403
200
204
403
201
302
504
429
302
304
204
400
504
403
403
429
502
403
401
404
504
503
301
301
302
404
301
502
304
403
504
502
401
200
201
404
301
301
500
400
400
201
429
301
201
200
502
201
304
504
302
404
502
301
304
500
201
400
302
400
403
500
201
400
401
302
403
504
403
302
429
302
504
504
204
302
400
503
301
404
403
500
403
503
201
200
500
301
204
201
403
200
302
403
500
201
401
401
401
401
403
504
201
304
304
301
400
404
201
304
404
200
200
204
200
304
200
429
500
400
500
204
301
401
503
401
201
500
201
400
400
304
201
504
400
204
400
502
401
204
404
403
403
200
504
302
201
200
304
201
404
204
400
500
400
403
204
404
403
301
401
502
301
500
200
200
200
502
204
403
401
503
404
401
304
400
504
304
401
503
503
204
304
400
301
504
201
502
504
503
404
429
302
201
301
401
503
429
401
429
204
502
302
403
302
400
403
429
400
500
429
504
401
500
304
503
404
302
504
404
429
403
500
502
403
301
502
404
504
404
400
301
304
304
429
403
429
503
503
500
302
204
500
204
500
504
400
200
503
404
404
304
429
429
400
504
301
503
504
400
500
302
200
503
201
204
500
302
403
200
500
301
201
404
404
429
403
503
204
403
504
403
403
200
504
403
304
201
400
403
204
503
503
400
500
500
200
502
502
204
301
404
502
301
404
201
204
200
403
304
500
304
301
403
502
400
200
403
201
403
503
503
302
204
304
400
200
400
429
400
404
200
504
302
400
304
429
504
404
401
403
500
504
204
404
500
401
502
404
403
403
401
502
403
403
404
204
429
429
404
500
504
304
500
504
304
502
403
403
401
400
204
200
301
502
504
404
500
302
404
404
302
201
502
304
504
301
400
401
302
200
204
502
201
200
403
504
504
504
504
504
503
404
503
503
429
404
503
304
504
200
304
302
403
200
302
304
302
429
503
429
301
301
304
400
400
301
500
201
429
429
304
504
201
401
204
200
400
401
204
503
403
403
500
304
400
401
500
401
400
302
401
302
401
204
403
201
500
429
401
301
403
302
401
301
302
403
502
304
403
304
304
302
301
503
204
502
400
400
302
400
429
503
204
401
404
204
429
429
201
500
500
404
500
200
200
429
301
400
302
302
500
302
400
504
304
302
304
503
503
401
500
403
304
502
500
204
504
302
404
204
403
429
401
503
504
401
504
304
301
503
204
400
504
400
302
